1 106.54 29.59
2 91.11 29.97
3 87.68 43.77
4 106.27 38.47
5 111.65 40.82
6 108.33 22.84
7 126.63 45.75
8 125.35 43.88
9 123.38 41.8
10 114.48 38.03
11 112.53 37.87
12 101.74 36.56
13 117 36.65
14 113.6 34.76
15 118.78 32.04
16 117.27 31.86
17 106.54 29.59
18 91.11 29.97
19 87.68 43.77
20 106.27 38.47
21 111.65 40.82
22 108.33 22.84
23 126.63 45.75
24 125.35 43.88
25 123.38 41.8
26 114.48 38.03
27 112.53 37.87
28 101.74 36.56
29 117 36.65
30 113.6 34.76
31 106.54 29.59
32 91.11 29.97
33 87.68 43.77
34 106.27 38.47
35 111.65 40.82
36 108.33 22.84
37 126.63 45.75
38 125.35 43.88
39 123.38 41.8
40 114.48 38.03
41 112.53 37.87
42 101.74 36.56
43 117 36.65
44 113.6 34.76
45 118.78 32.04
46 117.27 31.86
47 106.54 29.59
48 91.11 29.97
49 87.68 43.77
50 106.27 38.47
51 111.65 40.82